<?xml version="1.0" encoding="UTF-8" standalone="no"?>
<!DOCTYPE svg PUBLIC "-//W3C//DTD SVG 20010904//EN"
              "http://www.w3.org/TR/2001/REC-SVG-20010904/DTD/svg10.dtd">

<svg xmlns="http://www.w3.org/2000/svg"
     width="4.26667in" height="4.26667in"
     viewBox="0 0 384 384">
  <path id="Selection"
        fill="none" stroke="black" stroke-width="1"
        d="M 181.50,0.34
           C 181.50,0.34 194.40,0.34 194.40,0.34
             194.40,0.34 200.40,0.34 200.40,0.34
             200.40,0.34 204.30,0.59 204.30,0.59
             215.61,1.08 227.21,2.99 238.20,5.74
             271.10,13.96 300.96,30.24 325.50,53.71
             351.33,78.42 369.76,110.89 378.41,145.50
             381.23,156.77 383.21,168.40 383.71,180.00
             383.71,180.00 384.00,183.30 384.00,183.30
             384.00,183.30 384.00,200.40 384.00,200.40
             384.00,200.40 383.73,204.00 383.73,204.00
             383.73,204.00 383.15,211.50 383.15,211.50
             381.92,223.79 379.55,235.97 375.98,247.80
             358.66,305.34 314.43,352.51 257.70,372.69
             244.00,377.57 231.02,380.70 216.60,382.58
             216.60,382.58 204.00,383.73 204.00,383.73
             204.00,383.73 200.40,384.00 200.40,384.00
             200.40,384.00 183.30,384.00 183.30,384.00
             183.30,384.00 175.80,383.43 175.80,383.43
             160.49,382.31 145.35,378.95 130.80,374.10
             112.19,367.90 94.40,358.78 78.60,347.14
             62.39,335.18 48.53,321.44 36.73,305.10
             19.57,281.33 7.75,253.65 2.93,224.70
             1.80,217.94 0.89,211.14 0.59,204.30
             0.59,204.30 0.30,201.00 0.30,201.00
             0.30,201.00 0.30,183.90 0.30,183.90
             0.30,183.90 0.59,180.00 0.59,180.00
             0.86,173.67 1.64,167.35 2.68,161.10
             5.74,142.60 11.40,124.59 19.58,107.70
             23.30,100.02 27.67,92.60 32.40,85.50
             57.40,48.01 93.29,21.74 136.20,8.41
             145.16,5.63 156.89,3.11 166.20,1.88
             166.20,1.88 177.60,0.65 177.60,0.65
             177.60,0.65 181.50,0.34 181.50,0.34 Z
           M 192.00,7.64
           C 192.00,7.64 177.90,8.15 177.90,8.15
             165.06,9.38 153.44,11.28 141.00,14.83
             91.87,28.83 49.92,63.82 27.08,109.50
             1.81,160.04 1.08,220.88 25.72,271.80
             29.53,279.67 33.72,287.35 38.62,294.60
             50.85,312.68 65.21,327.87 82.80,340.84
             98.01,352.05 115.27,361.02 133.20,367.00
             147.57,371.79 161.35,374.49 176.40,375.95
             176.40,375.95 183.30,376.55 183.30,376.55
             183.30,376.55 192.60,376.55 192.60,376.55
             192.60,376.55 200.40,376.55 200.40,376.55
             200.40,376.55 204.00,376.23 204.00,376.23
             204.00,376.23 212.70,375.55 212.70,375.55
             239.29,372.89 267.18,362.86 289.80,348.77
             306.32,338.48 320.96,325.65 333.52,310.80
             373.16,263.92 386.24,199.82 369.47,141.00
             362.83,117.71 351.77,96.79 336.94,77.70
             324.27,61.40 307.32,46.44 289.80,35.53
             289.80,35.53 275.40,27.39 275.40,27.39
             275.40,27.39 271.80,25.72 271.80,25.72
             265.07,22.47 258.19,19.66 251.10,17.30
             239.13,13.31 225.26,10.01 212.70,8.75
             212.70,8.75 204.00,8.07 204.00,8.07
             204.00,8.07 200.40,7.80 200.40,7.80
             200.40,7.80 192.00,7.64 192.00,7.64 Z
           M 181.50,11.44
           C 181.50,11.44 194.10,11.44 194.10,11.44
             194.10,11.44 200.10,11.44 200.10,11.44
             200.10,11.44 203.70,11.67 203.70,11.67
             214.46,12.41 225.02,13.92 235.50,16.54
             266.37,24.26 294.69,39.80 317.70,61.81
             317.70,61.81 324.33,68.70 324.33,68.70
             345.11,91.05 359.91,118.29 367.31,147.90
             369.99,158.60 371.57,169.31 372.33,180.30
             372.33,180.30 372.60,183.30 372.60,183.30
             372.60,183.30 372.60,200.10 372.60,200.10
             372.60,200.10 372.33,203.70 372.33,203.70
             372.33,203.70 371.44,213.60 371.44,213.60
             370.06,225.24 367.67,236.00 364.19,247.20
             361.40,256.19 357.68,264.89 353.48,273.30
             332.30,315.64 295.78,347.39 251.10,362.90
             239.64,366.87 227.72,369.62 215.70,371.18
             215.70,371.18 203.70,372.33 203.70,372.33
             203.70,372.33 200.10,372.60 200.10,372.60
             200.10,372.60 183.30,372.60 183.30,372.60
             183.30,372.60 180.30,372.33 180.30,372.33
             180.30,372.33 168.30,371.18 168.30,371.18
             155.53,369.52 142.90,366.54 130.80,362.12
             106.57,353.25 84.98,340.05 66.30,322.19
             66.30,322.19 59.67,315.30 59.67,315.30
             38.55,292.59 24.05,265.55 16.54,235.50
             13.92,225.02 12.41,214.46 11.67,203.70
             11.67,203.70 11.40,200.70 11.40,200.70
             11.40,200.70 11.40,183.90 11.40,183.90
             11.40,183.90 11.67,180.30 11.67,180.30
             11.67,180.30 12.86,168.00 12.86,168.00
             14.96,150.41 20.61,131.87 27.99,115.80
             48.47,71.22 86.66,37.15 132.90,21.10
             142.75,17.69 154.38,14.80 164.70,13.28
             164.70,13.28 174.60,12.05 174.60,12.05
             174.60,12.05 181.50,11.44 181.50,11.44 Z
           M 192.00,18.44
           C 192.00,18.44 178.20,18.95 178.20,18.95
             166.85,20.03 155.58,21.90 144.60,25.03
             103.45,36.76 68.83,62.72 45.69,98.70
             41.85,104.68 37.86,111.74 34.89,118.20
             27.44,134.42 22.33,151.18 20.02,168.90
             20.02,168.90 18.87,180.60 18.87,180.60
             18.87,180.60 18.55,184.20 18.55,184.20
             18.55,184.20 18.55,192.60 18.55,192.60
             18.55,192.60 18.55,200.70 18.55,200.70
             18.55,200.70 18.87,203.70 18.87,203.70
             19.51,213.04 20.84,222.16 22.91,231.30
             31.94,271.22 56.19,308.30 89.40,332.27
             104.03,342.83 119.37,350.99 136.50,356.70
             150.74,361.45 161.80,363.66 176.70,365.15
             176.70,365.15 183.60,365.75 183.60,365.75
             183.60,365.75 192.60,365.75 192.60,365.75
             192.60,365.75 200.10,365.75 200.10,365.75
             200.10,365.75 203.70,365.43 203.70,365.43
             210.75,364.94 217.74,364.12 224.70,362.82
             260.00,356.20 294.08,337.69 318.57,311.40
             330.81,298.27 341.90,282.45 349.41,266.10
             356.86,249.88 361.97,233.12 364.28,215.40
             364.28,215.40 365.43,203.70 365.43,203.70
             365.43,203.70 365.75,200.10 365.75,200.10
             365.75,200.10 365.75,191.70 365.75,191.70
             365.75,191.70 365.75,183.60 365.75,183.60
             365.75,183.60 365.43,180.60 365.43,180.60
             365.43,180.60 363.62,164.40 363.62,164.40
             360.95,148.26 356.26,132.71 349.27,117.90
             340.60,99.55 328.73,83.03 314.40,68.70
             302.32,56.62 286.80,45.23 271.50,37.58
             254.36,29.00 235.94,22.75 216.90,20.18
             216.90,20.18 203.70,18.87 203.70,18.87
             203.70,18.87 200.10,18.60 200.10,18.60
             200.10,18.60 192.00,18.44 192.00,18.44 Z
           M 276.00,207.90
           C 276.64,207.90 277.49,207.87 278.10,208.05
             278.10,208.05 284.70,212.40 284.70,212.40
             289.78,215.37 297.07,218.09 303.00,218.10
             303.00,218.10 306.00,218.10 306.00,218.10
             310.87,218.08 318.40,215.82 317.97,209.70
             317.81,207.45 316.19,205.82 314.40,204.63
             311.56,202.75 305.00,201.47 301.50,200.76
             291.27,198.68 280.49,194.67 277.42,183.60
             277.00,182.07 276.62,179.78 276.60,178.20
             276.56,174.50 276.44,172.82 277.60,169.20
             281.14,158.16 294.72,151.82 305.70,151.80
             305.70,151.80 313.50,151.80 313.50,151.80
             318.13,151.85 325.24,153.41 329.70,154.79
             330.88,155.16 334.16,156.04 334.79,157.02
             335.17,157.60 335.10,158.63 335.10,159.30
             335.10,159.30 335.10,174.60 335.10,174.60
             334.45,174.60 333.62,174.64 333.00,174.43
             333.00,174.43 326.40,170.36 326.40,170.36
             322.81,168.40 316.39,166.25 312.30,166.20
             308.19,166.15 303.44,166.02 300.00,168.72
             297.20,170.91 295.67,173.70 297.74,176.99
             299.98,180.53 306.67,181.51 310.50,182.44
             319.97,184.74 332.46,187.28 336.60,197.40
             338.00,200.85 337.91,202.28 338.18,205.80
             338.35,208.09 338.01,211.07 337.46,213.30
             336.94,215.41 336.08,217.43 334.97,219.30
             329.80,227.96 317.84,232.49 308.10,232.50
             308.10,232.50 299.70,232.50 299.70,232.50
             294.29,232.49 286.48,230.67 281.40,228.77
             280.26,228.35 276.90,227.31 276.31,226.38
             275.93,225.80 276.00,224.78 276.00,224.10
             276.00,224.10 276.00,207.90 276.00,207.90 Z
           M 45.60,153.30
           C 45.60,153.30 68.70,153.30 68.70,153.30
             68.70,153.30 73.71,164.70 73.71,164.70
             73.71,164.70 81.09,181.20 81.09,181.20
             81.09,181.20 85.20,190.80 85.20,190.80
             85.20,190.80 85.80,190.80 85.80,190.80
             85.80,190.80 90.34,180.30 90.34,180.30
             90.34,180.30 98.63,161.70 98.63,161.70
             98.63,161.70 101.19,156.00 101.19,156.00
             101.19,156.00 102.51,153.60 102.51,153.60
             102.51,153.60 104.70,153.30 104.70,153.30
             104.70,153.30 125.40,153.30 125.40,153.30
             125.40,153.30 125.40,231.00 125.40,231.00
             125.40,231.00 105.60,231.00 105.60,231.00
             105.60,231.00 105.60,196.80 105.60,196.80
             105.60,196.80 105.60,186.60 105.60,186.60
             105.60,186.60 105.30,180.60 105.30,180.60
             105.30,180.60 101.83,189.30 101.83,189.30
             101.83,189.30 94.93,205.50 94.93,205.50
             94.93,205.50 92.92,210.30 92.92,210.30
             92.92,210.30 91.68,212.39 91.68,212.39
             91.68,212.39 89.40,212.70 89.40,212.70
             89.40,212.70 80.40,212.70 80.40,212.70
             80.40,212.70 78.20,212.40 78.20,212.40
             78.20,212.40 76.92,210.00 76.92,210.00
             76.92,210.00 74.75,204.90 74.75,204.90
             74.75,204.90 64.20,180.30 64.20,180.30
             64.20,180.30 64.20,231.00 64.20,231.00
             64.20,231.00 45.60,231.00 45.60,231.00
             45.60,231.00 45.60,153.30 45.60,153.30 Z
           M 174.00,153.30
           C 174.00,153.30 201.90,153.30 201.90,153.30
             208.58,153.30 215.45,152.96 221.70,155.79
             224.86,157.23 227.65,159.54 229.35,162.60
             232.27,167.88 231.88,176.09 228.76,181.20
             226.49,184.94 224.41,186.04 220.80,188.10
             225.91,189.59 230.22,191.38 233.46,195.90
             236.33,199.90 236.45,204.41 236.40,209.10
             236.31,216.81 231.77,223.12 225.30,226.97
             217.96,231.33 210.66,231.00 202.50,231.00
             202.50,231.00 174.00,231.00 174.00,231.00
             174.00,231.00 174.00,153.30 174.00,153.30 Z
           M 193.80,183.90
           C 193.80,183.90 200.10,183.60 200.10,183.60
             203.25,183.59 205.37,183.75 208.19,181.96
             212.25,179.39 212.19,171.66 208.19,169.04
             205.38,167.23 200.95,167.71 197.70,167.70
             197.70,167.70 193.80,167.40 193.80,167.40
             193.80,167.40 193.80,183.90 193.80,183.90 Z
           M 193.80,216.90
           C 193.80,216.90 199.50,216.60 199.50,216.60
             203.99,216.59 208.43,217.11 212.40,214.51
             217.25,211.34 217.46,202.12 212.40,199.04
             208.61,196.74 203.77,197.45 199.50,197.40
             199.50,197.40 193.80,197.10 193.80,197.10
             193.80,197.10 193.80,216.90 193.80,216.90 Z" />
</svg>
